Epoch	AverageEpRet	StdEpRet	MaxEpRet	MinEpRet	AverageTestEpRet	StdTestEpRet	MaxTestEpRet	MinTestEpRet	EpLen	TestEpLen	TotalEnvInteracts	AverageQ1Vals	StdQ1Vals	MaxQ1Vals	MinQ1Vals	AverageQ2Vals	StdQ2Vals	MaxQ2Vals	MinQ2Vals	AverageLogPi	StdLogPi	MaxLogPi	MinLogPi	LossPi	LossQ	Time
1	-1000.0	0.0	-1000.0	-1000.0	-2720.0	2366.77	2000.0	-5000.0	2623.0	2474.59	4999	6.51793	11.393434	132.91196	-703.2137	6.5936656	10.147743	132.64911	-673.2404	-3.8188488	1.7547258	108.3844	-13.203379	-7.2176623	251.41585	764.7492074966431
2	2000.0	0.0	2000.0	2000.0	-1170.0	2753.38	2000.0	-5000.0	4799.0	3206.09	9999	33.81117	41.225506	1197.2667	-760.4586	33.79166	41.006817	1019.158	-746.3652	4.353901	9.005525	119.4823	-12.988461	-40.120308	541.6265	1670.8770415782928
3	-1000.0	0.0	-1000.0	-1000.0	-2530.0	2551.294	2000.0	-5000.0	2233.0	2332.84	14999	209.78944	129.41658	2597.0193	-4156.285	209.79669	129.40091	2526.0032	-4209.7373	10.793055	7.881499	767.8756	-12.667913	-215.8803	905.0806	2427.853948354721
4	-1000.0	0.0	-1000.0	-1000.0	-2670.0	2807.3298	2000.0	-5000.0	1904.0	2734.43	19999	256.6879	209.67934	3456.0776	-3263.9497	256.67834	209.65181	3408.2957	-3461.566	8.361621	7.1104703	616.09436	-12.26902	-260.51852	1567.4718	3242.1118907928467
5	-3000.0	2000.0	-1000.0	-5000.0	-2450.0	2695.83	2000.0	-5000.0	4515.5	2431.53	24999	317.04034	419.2093	5773.695	-2518.7014	316.98615	419.24112	5723.528	-2839.9219	8.16191	7.897592	415.6946	-11.504916	-320.9309	1869.599	3992.8606119155884
6	-1000.0	0.0	-1000.0	-1000.0	-2390.0	2387.0273	2000.0	-5000.0	1846.0	2146.12	29999	373.83978	478.54333	6067.437	-7391.6323	373.80914	478.5374	5985.335	-8134.5186	8.131736	7.8560085	877.9051	-12.829704	-378.85123	3457.2383	4694.160683393478
7	-1800.0	1600.0	-1000.0	-5000.0	-1940.0	2411.7212	2000.0	-5000.0	1040.6	2645.22	34999	414.69366	416.09985	22586.547	-3686.797	414.7776	417.43985	22248.717	-3803.0706	10.002885	7.309941	686.9854	-11.002023	-424.0812	30461.986	5490.36038851738
8	500.0	1500.0	2000.0	-1000.0	-1670.0	2494.2134	2000.0	-5000.0	3089.0	2852.97	39999	492.035	403.95273	5557.5986	-2850.1216	491.88785	404.0075	5552.948	-2963.2837	11.174142	7.205831	385.91602	-8.831472	-499.49365	5021.738	6321.68732047081
9	-3000.0	2000.0	-1000.0	-5000.0	-3750.0	2397.3943	2000.0	-5000.0	958.0	2333.02	44999	525.9594	454.46045	27985.352	-2867.9165	525.883	454.893	28304.873	-2900.376	9.073804	8.666998	892.48663	-9.487299	-532.1666	16164.197	7064.828114271164
10	-3000.0	2000.0	-1000.0	-5000.0	-2020.0	2580.6199	2000.0	-6000.0	2789.5	2720.93	49999	522.42664	353.98288	18036.002	-2872.7856	522.2381	354.06693	18173.469	-2823.8162	10.536209	9.441562	607.2848	-11.738335	-530.7485	13761.546	7877.809322595596
11	-1500.0	3500.0	2000.0	-5000.0	-970.0	2071.0142	2000.0	-5000.0	3752.5	2906.29	54999	581.3956	289.33154	8135.276	-2590.93	581.232	290.05405	7559.9004	-4339.971	11.059048	9.007197	620.4933	-12.226938	-591.7634	9662.493	8725.803487300873
12	2000.0	0.0	2000.0	2000.0	-810.0	2476.6711	2000.0	-5000.0	4799.0	3218.0	59999	693.3552	385.5727	7966.775	-3527.681	693.24725	385.8346	7742.5713	-4806.7593	12.719378	9.5934925	795.12537	-7.226358	-705.9482	11678.52	9624.923493146896
13	-2333.3333	1885.618	-1000.0	-5000.0	-840.0	2365.2483	2000.0	-5000.0	1453.3334	3183.56	64999	776.27606	535.2724	10409.236	-4085.0498	776.1395	534.89	10129.313	-4411.2686	14.58228	11.774117	933.22516	-7.5577717	-788.73254	19998.266	10525.989796876907
14	-1000.0	0.0	-1000.0	-1000.0	-1550.0	2750.909	2000.0	-5000.0	1434.0	3149.22	69999	921.28644	769.9799	13622.825	-26952.805	921.09406	768.05365	13198.442	-28615.076	21.012634	14.7125435	2153.664	-5.9930444	-938.629	35642.73	11425.638813018799
15	2000.0	0.0	2000.0	2000.0	-1860.0	2705.6238	2000.0	-5000.0	4799.0	2857.18	74999	1271.4446	1457.6512	64448.69	-7889.5796	1271.1975	1454.0033	64010.08	-6983.1763	23.779331	15.958503	1807.1033	-4.9458513	-1311.5529	74021.17	12278.864303827286
16	500.0	1500.0	2000.0	-1000.0	-1410.0	2425.2632	2000.0	-5000.0	4087.0	2784.44	79999	2104.1562	2050.427	89006.4	-6147.2896	2104.3918	2046.7124	84542.8	-8802.495	29.65625	19.824024	1066.98	-2.1731262	-2169.0403	178126.47	13122.557191610336
17	-2333.3333	1885.618	-1000.0	-5000.0	-1530.0	2605.59	2000.0	-5000.0	1652.0	2851.86	84999	3272.5803	2473.3147	114683.72	-9449.055	3272.192	2470.7878	111469.73	-9411.45	35.92654	21.173914	1702.2487	-2.7243447	-3359.9944	192505.6	13978.44301199913
18	-1000.0	0.0	-1000.0	-1000.0	-540.0	2434.8306	2000.0	-5000.0	938.0	3135.3	89999	4382.9814	2912.2908	397141.84	-11217.995	4382.011	2817.2515	317931.12	-9831.796	37.180355	30.102488	3726.5867	-1.967488	-4486.262	3774064.8	14878.027058124542
19	-2000.0	1732.0508	-1000.0	-5000.0	-960.0	2560.9373	2000.0	-5000.0	1852.25	3128.19	94999	5561.628	2500.7383	212161.25	-7168.0527	5561.7915	2478.9268	179600.08	-8478.477	33.055412	29.637663	2147.5894	-0.036159515	-5680.873	1312201.5	15793.451357841492
20	500.0	1500.0	2000.0	-1000.0	-1750.0	2363.7893	2000.0	-5000.0	3348.5	2607.94	99999	6606.658	2415.4783	122422.586	-13933.397	6605.9404	2411.422	107490.555	-15353.775	32.97948	28.431015	3114.0015	1.6183926	-6717.5054	534256.0	16642.23031425476
21	500.0	1500.0	2000.0	-1000.0	-940.0	2091.9846	2000.0	-5000.0	2526.5	2794.69	104999	7511.0415	2545.416	94046.24	-18852.553	7511.4014	2551.8381	98109.5	-20076.45	37.596478	35.174976	4279.482	3.36157	-7619.4087	411356.75	17516.37994480133
22	-1000.0	0.0	-1000.0	-1000.0	-1300.0	1951.922	2000.0	-5000.0	1095.25	2458.37	109999	7900.263	2816.3064	152189.95	-19898.959	7899.633	2816.4927	149808.73	-20666.598	38.188652	42.559837	8180.0806	5.042024	-8002.371	618640.8	18324.953394412994
23	-2333.3333	1885.618	-1000.0	-5000.0	-1440.0	2401.333	2000.0	-5000.0	1546.0	2698.72	114999	8264.396	3014.2693	43415.53	-18175.615	8263.838	3013.2075	42487.734	-20971.453	39.223568	48.537685	8063.8906	3.7943997	-8364.387	363896.8	19178.139854431152
24	-1000.0	0.0	-1000.0	-1000.0	-1420.0	2592.9905	2000.0	-5000.0	4052.0	2938.11	119999	8578.16	3212.1562	45496.316	-27566.887	8577.639	3211.8108	45298.645	-35052.72	37.08777	43.52089	8856.808	-2.8157773	-8684.887	388721.34	20100.792371988297
25	-3000.0	2000.0	-1000.0	-5000.0	-1480.0	2594.1472	2000.0	-5000.0	2026.5	2960.41	124999	8942.654	3248.7104	45721.24	-24491.787	8942.446	3247.0881	45245.945	-40096.1	29.303963	39.770817	5618.69	3.0910773	-9039.467	354467.62	21000.766118764877
26	-1000.0	0.0	-1000.0	-1000.0	-2390.0	2760.0542	2000.0	-5000.0	2085.3333	2443.04	129999	8851.638	3275.586	46979.082	-24416.852	8851.435	3268.535	47170.99	-36079.613	30.47599	46.24369	5254.3945	0.43205118	-8940.3955	325704.6	21818.66466164589
27	500.0	1500.0	2000.0	-1000.0	-1490.0	2640.0571	2000.0	-5000.0	3284.5	3084.17	134999	8783.586	3440.2212	450240.5	-30527.652	8783.544	3606.8242	920801.3	-35459.8	33.431225	90.16126	51886.926	0.12618017	-8880.509	3115971.2	22748.42705464363
